0	6	一、锅炉基础知识	1
1	6	二、燃料、燃烧及燃烧设备（油气炉实践）	1
2	6	二、燃料、燃烧及燃烧设备（油气炉理论）	1
3	6	二、燃料、燃烧及燃烧设备（煤炉实践）	1
4	6	二、燃料、燃烧及燃烧设备（煤炉理论）	1
5	6	三、锅炉的结构（煤炉实践）	1
6	6	三、锅炉的结构（煤炉理论）	1
7	6	三、锅炉的结构（油气炉实践）	1
8	6	四、锅炉附件、仪表和自动控制（仪表及自控实践）	1
9	6	四、锅炉附件、仪表和自动控制（仪表及自控理论）	1
10	6	四、锅炉附件、仪表和自动控制（安全附件实践）	1
11	6	四、锅炉附件、仪表和自动控制（安全附件理论）	1
12	6	五、锅炉附属设备（油气炉实践）	1
13	6	五、锅炉附属设备（煤炉实践）	1
14	6	五、锅炉附属设备（煤炉理论）	1
15	6	六、锅炉运行及维护保养（油气炉实践）	1
16	6	六、锅炉运行及维护保养（煤炉实践）	1
17	6	六、锅炉运行及维护保养（附加题）	1
18	6	第七章  工业锅炉节能与经济运行	1
19	6	第八章  工业锅炉水质处理（实践）	1
20	6	第八章  工业锅炉水质处理（理论）	1
21	6	九、锅炉常见事故与处理（实践）	1
22	6	九、锅炉常见事故与处理（缺水）	1
23	6	九、锅炉常见事故与处理（超压）	1
24	6	十、锅炉安全管理	1
0	7	一、概论（理论）	1
1	7	一、概论（实践）	1
2	7	二、起重机的通用装置（理论）	1
3	7	二、起重机的通用装置（实践）	1
4	7	三、起重机的安全装置（理论）	1
5	7	三、起重机的安全装置（实践）	1
6	7	四、葫芦式起重机安全技术（理论）	1
7	7	四、葫芦式起重机安全技术（实践）	1
8	7	五、桥门式起重机安全技术（理论）	1
9	7	五、桥门式起重机安全技术（实践）	1
10	7	六、门座起重机安全技术（理论）	1
11	7	六、门座起重机安全技术（实践）	1
12	7	七、流动式起重机安全技术（理论）	1
13	7	七、流动式起重机安全技术（实践）	1
14	7	八、塔式起重机安全技术（理论）	1
15	7	八、塔式起重机安全技术（实践）	1
16	7	九、起重指挥安全技术（理论）	1
17	7	九、起重指挥安全技术（实践）	1
18	7	十、电气安全与登高及防火知识（理论）	1
19	7	十、电气安全与登高及防火知识（实践）	1
20	7	十一、典型事故分析和预防（理论）	1
21	7	十一、典型事故分析和预防（实践）	1
